Accuracy: 0.7207989578810248
F1 Score: 0.805328489252195
Precision: 0.8498402555910544
Recall: 0.7652474108170311
