Accuracy: 0.7784206366444637
F1 Score: 0.860046469611009
Precision: 0.8251476791897016
Recall: 0.9014897673000594
