Accuracy: 0.7207989578810248
F1 Score: 0.7991252733520774
Precision: 0.8742310321257689
Recall: 0.7359033371691599
