Accuracy: 0.7268779852366478
F1 Score: 0.8099123602296766
Precision: 0.852959898154042
Recall: 0.7710011507479861
