Accuracy: 0.795049934867564
F1 Score: 0.8732545649838883
Precision: 0.8187311178247734
Recall: 0.9355581127733027
