Accuracy: 0.7759537675571966
F1 Score: 0.8581784840164906
Precision: 0.8252946852938514
Recall: 0.8974373195374561
