Accuracy: 0.771168041684759
F1 Score: 0.8428273188189681
Precision: 0.874922600619195
Recall: 0.8130034522439585
