Accuracy: 0.8024316109422492
F1 Score: 0.8762578188740822
Precision: 0.8308406395048994
Recall: 0.92692750287687
