Accuracy: 0.7884636310902872
F1 Score: 0.8693468914343923
Precision: 0.8184204954736238
Recall: 0.9294841333844257
