Accuracy: 0.7735838099720052
F1 Score: 0.8663968125758718
Precision: 0.7861393837629772
Recall: 0.9687474910334435
