Accuracy: 0.7702996092053843
F1 Score: 0.8434448061556673
Precision: 0.8683729433272395
Recall: 0.8199079401611047
