Accuracy: 0.78589228720195
F1 Score: 0.8640047337818544
Precision: 0.831470824764108
Recall: 0.8993353530918655
