Accuracy: 0.7355623100303952
F1 Score: 0.816952209197475
Precision: 0.855254877281309
Recall: 0.7819332566168009
