Accuracy: 0.7481545809813287
F1 Score: 0.8294117647058824
Precision: 0.8483754512635379
Recall: 0.8112773302646721
