Accuracy: 0.8015631784628745
F1 Score: 0.8748288140235552
Precision: 0.8348144276006273
Recall: 0.9188722669735327
