Accuracy: 0.7416413373860182
F1 Score: 0.8151599875737807
Precision: 0.8858879135719109
Recall: 0.7548906789413119
