Accuracy: 0.7611810681719496
F1 Score: 0.8391812865497076
Precision: 0.8531510107015458
Recall: 0.8256616800920599
