Accuracy: 0.7711845753089103
F1 Score: 0.8663843400157022
Precision: 0.7767281257860864
Recall: 0.9803963559495574
