Accuracy: 0.7225358228397742
F1 Score: 0.7895949950609155
Precision: 0.9230177059276367
Recall: 0.689873417721519
