Accuracy: 0.7694311767260096
F1 Score: 0.8408750374587953
Precision: 0.8774233896185115
Recall: 0.8072497123130035
