Accuracy: 0.7989578810247503
F1 Score: 0.8729069448256932
Precision: 0.8346456692913385
Recall: 0.9148446490218642
