Accuracy: 0.7928069794381697
F1 Score: 0.8684494659133966
Precision: 0.8356512786065776
Recall: 0.9040300176487982
