Accuracy: 0.7928949162563954
F1 Score: 0.8684888336662775
Precision: 0.835831577647148
Recall: 0.9041238288865667
