Accuracy: 0.753626601867941
F1 Score: 0.8261790125742573
Precision: 0.8857294683275928
Recall: 0.7742524224139646
