Accuracy: 0.7839330641574617
F1 Score: 0.8638348013827016
Precision: 0.8255921591021271
Recall: 0.9060238332975398
