Accuracy: 0.752062527138515
F1 Score: 0.8308148148148148
Precision: 0.8564447159437997
Recall: 0.806674338319908
