Accuracy: 0.8011289622231872
F1 Score: 0.8765498652291105
Precision: 0.8245436105476673
Recall: 0.9355581127733027
