Accuracy: 0.7871980498324439
F1 Score: 0.8659454576140542
Precision: 0.8272130453856408
Recall: 0.908548769703778
