Accuracy: 0.7194963091619626
F1 Score: 0.8032886723507917
Precision: 0.8531694695989651
Recall: 0.7589182968929804
