Accuracy: 0.7386018237082067
F1 Score: 0.8092522179974653
Precision: 0.9005641748942173
Recall: 0.7347525891829689
