Accuracy: 0.7885366912722536
F1 Score: 0.8671938914644123
Precision: 0.8242612752721618
Recall: 0.9148446490218642
