Accuracy: 0.7516283108988276
F1 Score: 0.8302670623145401
Precision: 0.8572303921568627
Recall: 0.8049482163406214
