Accuracy: 0.7847975944830583
F1 Score: 0.8702045993031338
Precision: 0.802689500850535
Recall: 0.9524022960742429
