Accuracy: 0.7834425831402646
F1 Score: 0.8696507666261294
Precision: 0.8006031906970215
Recall: 0.9540449085093167
