Accuracy: 0.752062527138515
F1 Score: 0.8316130934827485
Precision: 0.852994555353902
Recall: 0.8112773302646721
