Accuracy: 0.798523664785063
F1 Score: 0.8755364806866953
Precision: 0.8201005025125628
Recall: 0.9390103567318757
