Accuracy: 0.7885366912722536
F1 Score: 0.8672662850913054
Precision: 0.8239254272397721
Recall: 0.9154200230149597
