Accuracy: 0.7459834997828919
F1 Score: 0.8273827087636471
Precision: 0.8491823137492429
Recall: 0.806674338319908
