Accuracy: 0.882282996432818
F1 Score: 0.912311780336581
Precision: 0.8910034602076125
Recall: 0.9346642468239564
