Accuracy: 0.8596908442330559
F1 Score: 0.8935018050541517
Precision: 0.8886894075403949
Recall: 0.8983666061705989
