Accuracy: 0.861474435196195
F1 Score: 0.8949977467327626
Precision: 0.8889883616830797
Recall: 0.9010889292196007
