Accuracy: 0.8769322235434007
F1 Score: 0.9067147363677333
Precision: 0.900626678603402
Recall: 0.9128856624319419
