Accuracy: 0.8840665873959572
F1 Score: 0.9142857142857143
Precision: 0.886615515771526
Recall: 0.9437386569872959
