Accuracy: 0.8846611177170036
F1 Score: 0.9143109540636042
Precision: 0.8907056798623064
Recall: 0.9392014519056261
