Accuracy: 0.8680142687277052
F1 Score: 0.900804289544236
Precision: 0.8873239436619719
Recall: 0.9147005444646098
