Accuracy: 0.8810939357907254
F1 Score: 0.9122807017543859
Precision: 0.8828522920203735
Recall: 0.9437386569872959
