Accuracy: 0.8793103448275862
F1 Score: 0.9089277703005832
Precision: 0.8988464951197871
Recall: 0.9192377495462795
