Accuracy: 0.8858501783590963
F1 Score: 0.9126478616924477
Precision: 0.9151459854014599
Recall: 0.9101633393829401
