Accuracy: 0.8715814506539834
F1 Score: 0.9027027027027027
Precision: 0.8962432915921288
Recall: 0.9092558983666061
