Accuracy: 0.8793103448275862
F1 Score: 0.9104543449492721
Precision: 0.8858369098712446
Recall: 0.9364791288566243
