Accuracy: 0.8769322235434007
F1 Score: 0.9086898985443317
Precision: 0.8841201716738197
Recall: 0.9346642468239564
