Accuracy: 0.870986920332937
F1 Score: 0.9019430637144148
Precision: 0.8982898289828983
Recall: 0.9056261343012704
