Accuracy: 0.882282996432818
F1 Score: 0.9112903225806451
Precision: 0.9
Recall: 0.9228675136116152
