Accuracy: 0.8715814506539834
F1 Score: 0.9023508137432188
Precision: 0.8990990990990991
Recall: 0.9056261343012704
