Accuracy: 0.8703923900118906
F1 Score: 0.9014466546112115
Precision: 0.8981981981981982
Recall: 0.9047186932849365
