Accuracy: 0.8816884661117717
F1 Score: 0.9115162294353045
Precision: 0.8936355710549259
Recall: 0.9301270417422868
