Accuracy: 0.8697978596908442
F1 Score: 0.9011286681715576
Precision: 0.8966756513926325
Recall: 0.9056261343012704
