Accuracy: 0.882282996432818
F1 Score: 0.9120781527531083
Precision: 0.8930434782608696
Recall: 0.9319419237749547
