Accuracy: 0.7286148501953973
F1 Score: 0.6795599162929475
Precision: 0.6828927157202825
Recall: 0.6812262105919208
