Accuracy: 0.7268779852366478
F1 Score: 0.6830376996076767
Precision: 0.6834662074118961
Recall: 0.6833583245710576
