Accuracy: 0.72818063395571
F1 Score: 0.6792255740831831
Precision: 0.6824472390366548
Recall: 0.6809285915443016
