Accuracy: 0.7264437689969605
F1 Score: 0.6828586155352817
Precision: 0.6830599852472988
Recall: 0.6833530569772944
