Accuracy: 0.7359965262700825
F1 Score: 0.6846576544737969
Precision: 0.6906238588348593
Recall: 0.6842617254250557
