Accuracy: 0.737733391228832
F1 Score: 0.6870041070859397
Precision: 0.6932404078183066
Recall: 0.6862786598014066
