Accuracy: 0.7299174989144595
F1 Score: 0.6827611585657216
Precision: 0.6840058938312215
Recall: 0.6820458584098071
