Accuracy: 0.7268779852366478
F1 Score: 0.6808878294694738
Precision: 0.6813458294659164
Recall: 0.6804684868334022
