Accuracy: 0.724706904038211
F1 Score: 0.6772267519614718
Precision: 0.6777186934863648
Recall: 0.6768327390669301
