Accuracy: 0.7264437689969605
F1 Score: 0.678624708746987
Precision: 0.6799717548460343
Recall: 0.6779613934814123
