Accuracy: 0.7325227963525835
F1 Score: 0.6851114743146224
Precision: 0.6866171425967235
Recall: 0.6841239241493774
