Accuracy: 0.739036039947894
F1 Score: 0.6880844556817739
Precision: 0.6942929500584708
Recall: 0.6874638683981197
