Accuracy: 0.7394702561875814
F1 Score: 0.6886907342102594
Precision: 0.6948277868974482
Recall: 0.6880538388995946
