Accuracy: 0.723404255319149
F1 Score: 0.6747945856741123
Precision: 0.6763682224974789
Recall: 0.674343093553829
