Accuracy: 0.7242726877985237
F1 Score: 0.6750937581554114
Precision: 0.6770762857636209
Recall: 0.6744548210927409
