Accuracy: 0.7264437689969605
F1 Score: 0.6802996424132246
Precision: 0.6808218191562917
Recall: 0.6799684830830118
