Accuracy: 0.7273122014763352
F1 Score: 0.6747932285812891
Precision: 0.6797507846594391
Recall: 0.6747729820513135
