Accuracy: 0.7412071211463309
F1 Score: 0.6898696325154866
Precision: 0.7001365043379172
Recall: 0.6905712032070611
