Accuracy: 0.7177594442032132
F1 Score: 0.668817527352522
Precision: 0.6695175945289421
Recall: 0.668332087180893
