Accuracy: 0.7355623100303952
F1 Score: 0.6820212836090982
Precision: 0.6951760421931358
Recall: 0.6840597669030094
