Accuracy: 0.7277464177160226
F1 Score: 0.6745592490750623
Precision: 0.6801448246090631
Recall: 0.6751999384254089
