Accuracy: 0.7212331741207121
F1 Score: 0.6734213523172622
Precision: 0.6743933807798262
Recall: 0.6732711552702532
