Accuracy: 0.7190620929222753
F1 Score: 0.6721383801240397
Precision: 0.672416066770222
Recall: 0.6719966703352304
