Accuracy: 0.7168910117238385
F1 Score: 0.669447649982712
Precision: 0.6696031695005947
Recall: 0.6693897654574044
