Accuracy: 0.7333912288319583
F1 Score: 0.6856182658421058
Precision: 0.6874685948812641
Recall: 0.6844268107907596
