Accuracy: 0.734259661311333
F1 Score: 0.6865225410123957
Precision: 0.6883913681356436
Recall: 0.6853144003398537
