Accuracy: 0.732957012592271
F1 Score: 0.6852846326325862
Precision: 0.6871203146951923
Recall: 0.6841291917431406
