Accuracy: 0.7303517151541468
F1 Score: 0.6816249428592204
Precision: 0.6833768751127831
Recall: 0.6803194684810373
