Accuracy: 0.732957012592271
F1 Score: 0.6850049444428711
Precision: 0.6868871694927537
Recall: 0.6838368402892847
