Accuracy: 0.7355623100303952
F1 Score: 0.6882842006655655
Precision: 0.6901718362926242
Recall: 0.6870337156685856
