Accuracy: 0.7338254450716457
F1 Score: 0.6860791074658366
Precision: 0.688018925215354
Recall: 0.6849155889408488
