Accuracy: 0.7355623100303952
F1 Score: 0.688047630837047
Precision: 0.690087740007132
Recall: 0.6867413642147296
