Accuracy: 0.7346938775510204
F1 Score: 0.6871521031662208
Precision: 0.6891192861255037
Recall: 0.685994337592413
