Accuracy: 0.732957012592271
F1 Score: 0.685244652652336
Precision: 0.687005783966698
Recall: 0.6841291917431406
