Accuracy: 0.7346938775510204
F1 Score: 0.6892979119888375
Precision: 0.6901260586725889
Recall: 0.6890078188820564
