Accuracy: 0.7364307425097699
F1 Score: 0.6898920953934381
Precision: 0.6917972098401005
Recall: 0.688556604301084
