Accuracy: 0.734259661311333
F1 Score: 0.6866926775777538
Precision: 0.6886262829213808
Recall: 0.6855055594423237
