Accuracy: 0.7307859313938341
F1 Score: 0.6808196691959242
Precision: 0.6832447339908377
Recall: 0.6795264228640163
