Accuracy: 0.7260095527572731
F1 Score: 0.6788458711810091
Precision: 0.6793165362486496
Recall: 0.6784227170691858
