Accuracy: 0.734259661311333
F1 Score: 0.685963719605018
Precision: 0.6880663652110984
Recall: 0.6844485715785872
