Accuracy: 0.729483282674772
F1 Score: 0.6796063532689568
Precision: 0.6813395161933992
Recall: 0.6786335657211592
