Accuracy: 0.7368649587494572
F1 Score: 0.6892241161818552
Precision: 0.6917406607601415
Recall: 0.688055910137919
