Accuracy: 0.7346938775510204
F1 Score: 0.6867313335384385
Precision: 0.688841493786086
Recall: 0.6853702641093095
