Accuracy: 0.7333912288319583
F1 Score: 0.6853378541444418
Precision: 0.6872621069844285
Recall: 0.6841344593369038
