Accuracy: 0.7351280937907078
F1 Score: 0.6874063845845818
Precision: 0.6894527096447337
Recall: 0.6862413604643393
