Accuracy: 0.7316543638732088
F1 Score: 0.6834986725259101
Precision: 0.6854669315994025
Recall: 0.6820387838097691
